ENSGMOG00000006550	-1.64706279115456	3.85944963508408	238.159820180511	9.90725112940145e-54	8.81635269948625e-51
ENSGMOG00000018803	-2.38734059661968	3.99393187824176	219.621396959921	1.09387295293985e-49	7.30069040007936e-47
ENSGMOG00000009032	-2.26779561076812	2.28226375253032	206.125932762257	9.6186513214541e-47	6.16286227468207e-44
ENSGMOG00000010952	-3.34369496608719	1.6386961424931	186.396410823455	1.94516056952885e-42	1.0743993794039e-39
ENSGMOG00000005695	-2.15245761722166	2.91182949958462	183.318024291045	9.14106254158906e-42	4.57567311847418e-39
ENSGMOG00000006775	-2.379670091809	0.760573752206825	127.304004322973	1.59389162113201e-29	4.11789612698267e-27
ENSGMOG00000015559	-1.3556956069246	4.04106643333202	108.465192543362	2.12550393152006e-25	3.95887464826608e-23
ENSGMOG00000019128	-1.17719751504112	4.06869717022222	106.160815578827	6.79877964635825e-25	1.21003169305963e-22
ENSGMOG00000017198	-1.13968527327441	4.22050022243108	105.844053002703	7.9772329576474e-25	1.38890562516952e-22
ENSGMOG00000000687	-1.27365945199204	3.59024372406328	104.015289409758	2.00760818771443e-24	3.31524411864018e-22
ENSGMOG00000009552	-1.34602010635918	2.865906215521	102.47079446591	4.37774265982237e-24	6.97074862520169e-22
ENSGMOG00000008187	-1.22453434623946	4.16083576667721	102.403862323711	4.52817911999673e-24	7.11101697491251e-22
ENSGMOG00000005318	-1.63740075624657	3.86200572877266	98.3734974104189	3.46465225394878e-23	4.91122122157094e-21
ENSGMOG00000001294	-1.02146441835348	7.20715201863563	96.4042611154429	9.36653477724529e-23	1.30463612227752e-20
ENSGMOG00000002861	-1.25054949082822	4.50899944859148	91.1141469691176	1.35618597480572e-21	1.69713960503422e-19
ENSGMOG00000015458	-1.24974790886423	2.22952989217546	89.7315505623363	2.72770174638247e-21	3.33529210485149e-19
ENSGMOG00000006435	-1.79247601419288	1.80062329791397	85.3342595831142	2.51959723134471e-20	2.86233393274323e-18
ENSGMOG00000008529	-1.21583875369076	3.23595955304458	79.8127284513493	4.11632393320849e-19	4.33784715540352e-17
ENSGMOG00000016728	-4.12965065347224	-0.144930922685004	77.780304102015	1.15162802370186e-18	1.17495399258958e-16
ENSGMOG00000009803	-1.23609867629022	2.46705711042056	76.8053047697268	1.88670135934234e-18	1.91273306164213e-16
ENSGMOG00000013880	-1.03473776683785	3.10085347423236	68.6529068937232	1.17411508386746e-16	9.74454684631555e-15
ENSGMOG00000000478	-1.78984651724689	0.486082121744595	61.3515771999841	4.77408681287838e-15	3.32484011168199e-13
ENSGMOG00000005691	-2.23858107485402	-0.382596042826809	60.479463399753	7.43501310520343e-15	5.06783148592121e-13
ENSGMOG00000018204	-1.25622545684625	4.18220411440573	58.209155395781	2.35679691055634e-14	1.52838756733974e-12
ENSGMOG00000007384	-1.56477305462727	1.72336770367288	53.8688618942433	2.14327623430171e-13	1.23050174627401e-11
ENSGMOG00000004062	-2.25712661149105	1.06875956524264	53.6927348212016	2.34428558978358e-13	1.33158746727494e-11
ENSGMOG00000006643	-1.69817474807482	0.0988950363055856	52.7245170743396	3.8377047301883e-13	2.13445674889431e-11
ENSGMOG00000008806	-1.10008352822415	2.93946947779131	50.4003513543162	1.25371775073368e-12	6.56276174223924e-11
ENSGMOG00000003950	-1.63279221724926	2.03803079724827	49.5751790009188	1.9091385116688e-12	9.80146816663811e-11
ENSGMOG00000012671	-1.38824356205317	1.56602882809673	49.0932058795948	2.44084179672272e-12	1.22947811005989e-10
ENSGMOG00000015535	-1.67525085908952	0.223926443601396	47.0451543962652	6.93699516609741e-12	3.26814084031024e-10
ENSGMOG00000019171	-1.17002695667707	2.66133972327536	45.7307510308739	1.35676053784608e-11	6.20931151291956e-10
ENSGMOG00000002392	-1.13991901998019	3.97987214351324	45.6269179236482	1.43062006291688e-11	6.4916918322387e-10
ENSGMOG00000012709	-1.18073330149764	2.03722045607082	45.6037381364754	1.44765043053433e-11	6.55041372776805e-10
ENSGMOG00000008813	-1.26838141458807	2.10064828094883	42.5877052746683	6.75828513357318e-11	2.81179769531364e-09
ENSGMOG00000001173	-1.17977071622247	5.50817891706784	40.8694220383294	1.62747762183747e-10	6.42092033167304e-09
ENSGMOG00000013208	-1.21470533113876	1.53066420548732	40.8474827238935	1.64585122135332e-10	6.47745574045146e-09
ENSGMOG00000007994	-1.37148945634638	5.20825209004891	40.4624795242606	2.0042818264975e-10	7.77350757792664e-09
ENSGMOG00000000263	-2.48759537788887	0.402617610261629	39.0091612781693	4.21821405593181e-10	1.54970992541091e-08
ENSGMOG00000018868	-1.23940244283051	1.08386145874443	38.0724702817638	6.8165147250865e-10	2.43720832291151e-08
ENSGMOG00000001039	-1.51157166898981	3.27244806060258	38.0377116868652	6.93903660399499e-10	2.47548971765683e-08
ENSGMOG00000006381	-1.31489330495899	1.66745360280711	37.6465075497492	8.47983663526685e-10	2.95925976522232e-08
ENSGMOG00000004524	-1.04189226860503	3.88179292699021	37.4198407197726	9.52482261423767e-10	3.27677496856744e-08
ENSGMOG00000013197	-1.22555277400037	1.37598465411544	36.1597310111367	1.81788450575359e-09	5.93052423893298e-08
ENSGMOG00000006738	-1.14403936672957	4.01340090966018	34.5727414950832	4.10616185048936e-09	1.2721953679137e-07
ENSGMOG00000014657	-1.47732827457415	4.48104008530699	33.9417106820134	5.67881133876193e-09	1.70343071206533e-07
ENSGMOG00000001971	-1.30268354770438	0.824321580542664	33.5854657409107	6.82004331151152e-09	2.02994037390749e-07
ENSGMOG00000020584	-1.03695875696432	3.27192005872789	33.1858815416105	8.37564587299803e-09	2.43486561876012e-07
ENSGMOG00000001541	-1.02804225244208	1.25748447898419	33.0995701787471	8.75580749877418e-09	2.53617585018743e-07
ENSGMOG00000009253	-1.4398185382201	-0.0605889048692983	31.1025026399904	2.44755624274191e-08	6.5450677623105e-07
ENSGMOG00000007960	-1.84012527891852	-0.522722565006994	29.5671190208417	5.40134840511184e-08	1.35822290036235e-06
ENSGMOG00000014491	-1.13713779390607	1.90843399084722	29.4228498125174	5.81875182633123e-08	1.44503514347556e-06
ENSGMOG00000012923	-1.23230261383578	-0.0389287132892497	26.4385678643522	2.72053825685478e-07	5.90482138188345e-06
ENSGMOG00000008595	-1.26100997050665	0.0835991386959281	26.3729721830447	2.8145142257927e-07	6.08406057607928e-06
ENSGMOG00000010298	-1.12681032867477	0.807331858535454	25.3616144133336	4.75282098076992e-07	9.72294846359803e-06
ENSGMOG00000009472	-1.44789130887084	0.0116206354069122	25.3497588043974	4.78212178515192e-07	9.77041157583717e-06
ENSGMOG00000009502	-1.0208519384088	0.683227647105359	23.4750618968455	1.2654345831862e-06	2.37628735679678e-05
ENSGMOG00000010197	-1.72889597554276	0.508135042420762	23.4458015696882	1.28482813905123e-06	2.40706165278626e-05
ENSGMOG00000012929	-1.08962469298906	0.455683382355538	21.9045210877721	2.8655800659707e-06	4.93027513391179e-05
ENSGMOG00000004296	-1.18534978823928	2.92433226625738	21.4069720049572	3.71418124899231e-06	6.22319615547686e-05
ENSGMOG00000015632	-1.91434612734833	0.882279461966471	20.8450215121834	4.97984967774645e-06	8.09736274446158e-05
ENSGMOG00000013011	-1.16017417006694	0.0693957183129532	19.1480358635516	1.20961912236629e-05	0.000179072819797257
ENSGMOG00000010487	-1.13723968985993	0.346074571492135	19.0296799957777	1.28700961034275e-05	0.000189144178921935
ENSGMOG00000002133	-1.04324335263815	2.07518177109717	18.9259420828622	1.3589212888124e-05	0.000198424805872353
ENSGMOG00000007434	-1.16323777427863	0.326729237198646	18.4904239174046	1.70760123569037e-05	0.000244435715757715
ENSGMOG00000016577	-1.14481420994366	-0.363821537795029	17.0682570981626	3.60600197523978e-05	0.000475007727297622
ENSGMOG00000000319	-1.08874568697539	0.259263252501228	15.5387981240434	8.08291673953858e-05	0.000974940966369947
ENSGMOG00000012474	-2.43607840331198	2.52767080286331	15.3697769518727	8.83908485320163e-05	0.00105032983070166
ENSGMOG00000006444	-1.09956855604299	0.545667059351066	14.5007933367577	0.000140100528422604	0.00154767604432639
ENSGMOG00000011802	-1.18958556045954	3.18737595843647	13.5073979263862	0.000237624805479319	0.00240598870680641
ENSGMOG00000005512	-1.04017509817988	-0.325902774542073	12.9675173619029	0.000316942016662123	0.00308056870321231
ENSGMOG00000014818	-1.00446819955902	-0.244705085767162	12.1417227095392	0.000493062099543409	0.00443008947928713
ENSGMOG00000015390	-1.09679454234511	0.4268050116087	11.181561247739	0.000826142267724883	0.00682472761444929
ENSGMOG00000019010	-1.06825893742461	1.81060231077493	10.4210972086919	0.00124583855113286	0.00962191027581779
ENSGMOG00000012948	-1.30124960893011	-0.268967118090439	10.1628998140802	0.00143295056241736	0.0107710005203197
ENSGMOG00000003098	-1.0464942851638	0.753554944080567	9.38267616644179	0.00219045545407434	0.0153128635556137
ENSGMOG00000013835	-1.07136969251654	0.512846064182946	8.74027064478834	0.00311258318354756	0.0204249723203871
ENSGMOG00000013735	-1.09272027170143	0.0860731232869454	7.54200563176505	0.00602769092757516	0.0347808189041423
ENSGMOG00000007375	-2.08794372411592	0.797201843145195	6.97153717735093	0.00828163244965885	0.0443662838055637
